a <- 1234install